
 0    0.000000000000e+000  0.000000000000e+000
 1    3.749999916181e-003  2.994718961418e-003
 2    7.499999832362e-003  5.977629218251e-003
 3    1.125000044703e-002  8.943372406065e-003
 4    1.499999966472e-002  1.188897062093e-002
 5    1.875000074506e-002  1.481408532709e-002
 6    2.250000089407e-002  1.772055961192e-002
 7    2.624999918044e-002  2.061152644455e-002
 8    2.999999932945e-002  2.349038794637e-002
 9    3.375000134110e-002  2.635992877185e-002
 10    3.750000149012e-002  2.922176942229e-002
 11    4.125000163913e-002  3.207620605826e-002
 12    4.500000178814e-002  3.492239862680e-002
 13    4.874999821186e-002  3.775874897838e-002
 14    5.249999836087e-002  4.058336466551e-002
 15    5.624999850988e-002  4.339443892241e-002
 16    5.999999865890e-002  4.619055986404e-002
 17    6.374999880791e-002  4.897085204720e-002
 18    6.750000268221e-002  5.173499509692e-002
 19    7.124999910593e-002  5.448311567307e-002
 20    7.500000298023e-002  5.721561610699e-002
 21    7.874999940395e-002  5.993298813701e-002
 22    8.250000327826e-002  6.263561546803e-002
 23    8.624999970198e-002  6.532368063927e-002
 24    9.000000357628e-002  6.799709796906e-002
 25    9.375000000000e-002  7.065555453300e-002
 26    9.749999642372e-002  7.329857349396e-002
 27    1.012500002980e-001  7.592559605837e-002
 28    1.049999967217e-001  7.853616029024e-002
 29    1.087500005960e-001  8.112996816635e-002
 30    1.124999970198e-001  8.370701223612e-002
 31    1.162500008941e-001  8.626762032509e-002
 32    1.199999973178e-001  8.881241083145e-002
 33    1.237500011921e-001  9.134222567081e-002
 34    1.274999976158e-001  9.385796636343e-002
 35    1.312499940395e-001  9.636045992374e-002
 36    1.350000053644e-001  9.885030984879e-002
 37    1.387500017881e-001  1.013278216124e-001
 38    1.424999982119e-001  1.037929281592e-001
 39    1.462499946356e-001  1.062452718616e-001
 40    1.500000059605e-001  1.086842864752e-001
 41    1.537500023842e-001  1.111093014479e-001
 42    1.574999988079e-001  1.135197058320e-001
 43    1.612499952316e-001  1.159150227904e-001
 44    1.650000065565e-001  1.182949915528e-001
 45    1.687500029802e-001  1.206595525146e-001
 46    1.724999994040e-001  1.230088174343e-001
 47    1.762499958277e-001  1.253429651260e-001
 48    1.800000071526e-001  1.276621818542e-001
 49    1.837500035763e-001  1.299665421247e-001
 50    1.875000000000e-001  1.322560459375e-001
 51    1.912499964237e-001  1.345304995775e-001
 52    1.949999928474e-001  1.367896944284e-001
 53    1.987500041723e-001  1.390333026648e-001
 54    2.025000005960e-001  1.412610858679e-001
 55    2.062499970198e-001  1.434728801250e-001
 56    2.099999934435e-001  1.456686109304e-001
 57    2.137500047684e-001  1.478484123945e-001
 58    2.175000011921e-001  1.500125229359e-001
 59    2.212499976158e-001  1.521612405777e-001
 60    2.249999940395e-001  1.542949080467e-001
 61    2.287500053644e-001  1.564138531685e-001
 62    2.325000017881e-001  1.585182994604e-001
 63    2.362499982119e-001  1.606083363295e-001
 64    2.399999946356e-001  1.626839637756e-001
 65    2.437500059605e-001  1.647450625896e-001
 66    2.475000023842e-001  1.667914986610e-001
 67    2.512499988079e-001  1.688231378794e-001
 68    2.549999952316e-001  1.708398759365e-001
 69    2.587499916553e-001  1.728417724371e-001
 70    2.624999880791e-001  1.748290210962e-001
 71    2.662500143051e-001  1.768019050360e-001
 72    2.700000107288e-001  1.787609010935e-001
 73    2.737500071526e-001  1.807065308094e-001
 74    2.775000035763e-001  1.826393753290e-001
 75    2.812500000000e-001  1.845600008965e-001
 76    2.849999964237e-001  1.864689588547e-001
 77    2.887499928474e-001  1.883667260408e-001
 78    2.924999892712e-001  1.902536600828e-001
 79    2.962499856949e-001  1.921300143003e-001
 80    3.000000119209e-001  1.939959377050e-001
 81    3.037500083447e-001  1.958514451981e-001
 82    3.075000047684e-001  1.976964473724e-001
 83    3.112500011921e-001  1.995307803154e-001
 84    3.149999976158e-001  2.013541758060e-001
 85    3.187499940395e-001  2.031663656235e-001
 86    3.224999904633e-001  2.049671411514e-001
 87    3.262499868870e-001  2.067563235760e-001
 88    3.300000131130e-001  2.085339874029e-001
 89    3.337500095367e-001  2.103003859520e-001
 90    3.375000059605e-001  2.120561003685e-001
 91    3.412500023842e-001  2.138020247221e-001
 92    3.449999988079e-001  2.155393511057e-001
 93    3.487499952316e-001  2.172694504261e-001
 94    3.524999916553e-001  2.189937978983e-001
 95    3.562499880791e-001  2.207138091326e-001
 96    3.600000143051e-001  2.224306613207e-001
 97    3.637500107288e-001  2.241451144218e-001
 98    3.675000071526e-001  2.258574515581e-001
 99    3.712500035763e-001  2.275674045086e-001
 100    3.750000000000e-001  2.292741686106e-001
 101    3.787499964237e-001  2.309764623642e-001
 102    3.824999928474e-001  2.326726913452e-001
 103    3.862499892712e-001  2.343611568213e-001
 104    3.899999856949e-001  2.360402196646e-001
 105    3.937500119209e-001  2.377085387707e-001
 106    3.975000083447e-001  2.393652945757e-001
 107    4.012500047684e-001  2.410102784634e-001
 108    4.050000011921e-001  2.426439523697e-001
 109    4.087499976158e-001  2.442674338818e-001
 110    4.124999940395e-001  2.458823919296e-001
 111    4.162499904633e-001  2.474908083677e-001
 112    4.199999868870e-001  2.490947842598e-001
 113    4.237500131130e-001  2.506963014603e-001
 114    4.275000095367e-001  2.522970139980e-001
 115    4.312500059605e-001  2.538981139660e-001
 116    4.350000023842e-001  2.555002272129e-001
 117    4.387499988079e-001  2.571035027504e-001
 118    4.424999952316e-001  2.587075233459e-001
 119    4.462499916553e-001  2.603116035461e-001
 120    4.499999880791e-001  2.619148492813e-001
 121    4.537500143051e-001  2.635161876678e-001
 122    4.575000107288e-001  2.651146054268e-001
 123    4.612500071526e-001  2.667090594769e-001
 124    4.650000035763e-001  2.682985365391e-001
 125    4.687500000000e-001  2.698820531368e-001
 126    4.724999964237e-001  2.714585959911e-001
 127    4.762499928474e-001  2.730270028114e-001
 128    4.799999892712e-001  2.745861113071e-001
 129    4.837499856949e-001  2.761346101761e-001
 130    4.875000119209e-001  2.776712477207e-001
 131    4.912500083447e-001  2.791948318481e-001
 132    4.950000047684e-001  2.807044088840e-001
 133    4.987500011921e-001  2.821992635727e-001
 134    5.024999976158e-001  2.836791574955e-001
 135    5.062500238419e-001  2.851442694664e-001
 136    5.099999904633e-001  2.865953147411e-001
 137    5.137500166893e-001  2.880333960056e-001
 138    5.174999833107e-001  2.894601225853e-001
 139    5.212500095367e-001  2.908773124218e-001
 140    5.249999761581e-001  2.922870218754e-001
 141    5.287500023842e-001  2.936915159225e-001
 142    5.325000286102e-001  2.950929999352e-001
 143    5.362499952316e-001  2.964937090874e-001
 144    5.400000214577e-001  2.978959083557e-001
 145    5.437499880791e-001  2.993017733097e-001
 146    5.475000143051e-001  3.007134199142e-001
 147    5.512499809265e-001  3.021330535412e-001
 148    5.550000071526e-001  3.035627901554e-001
 149    5.587499737740e-001  3.050047159195e-001
 150    5.625000000000e-001  3.064609766006e-001
 151    5.662500262260e-001  3.079335689545e-001
 152    5.699999928474e-001  3.094244003296e-001
 153    5.737500190735e-001  3.109352886677e-001
 154    5.774999856949e-001  3.124677538872e-001
 155    5.812500119209e-001  3.140232861042e-001
 156    5.849999785423e-001  3.156030774117e-001
 157    5.887500047684e-001  3.172082006931e-001
 158    5.924999713898e-001  3.188394904137e-001
 159    5.962499976158e-001  3.204976618290e-001
 160    6.000000238419e-001  3.221833407879e-001
 161    6.037499904633e-001  3.238969445229e-001
 162    6.075000166893e-001  3.256388008595e-001
 163    6.112499833107e-001  3.274091184139e-001
 164    6.150000095367e-001  3.292078971863e-001
 165    6.187499761581e-001  3.310350477695e-001
 166    6.225000023842e-001  3.328902423382e-001
 167    6.262500286102e-001  3.347730040550e-001
 168    6.299999952316e-001  3.366827368736e-001
 169    6.337500214577e-001  3.386186957359e-001
 170    6.374999880791e-001  3.405800759792e-001
 171    6.412500143051e-001  3.425660133362e-001
 172    6.449999809265e-001  3.445757031441e-001
 173    6.487500071526e-001  3.466083407402e-001
 174    6.524999737740e-001  3.486631810665e-001
 175    6.562500000000e-001  3.507396280766e-001
 176    6.600000262260e-001  3.528370559216e-001
 177    6.637499928474e-001  3.549549579620e-001
 178    6.675000190735e-001  3.570928275585e-001
 179    6.712499856949e-001  3.592500388622e-001
 180    6.750000119209e-001  3.614259958267e-001
 181    6.787499785423e-001  3.636199235916e-001
 182    6.825000047684e-001  3.658308684826e-001
 183    6.862499713898e-001  3.680578768253e-001
 184    6.899999976158e-001  3.702998161316e-001
 185    6.937500238419e-001  3.725555241108e-001
 186    6.974999904633e-001  3.748238682747e-001
 187    7.012500166893e-001  3.771037459373e-001
 188    7.049999833107e-001  3.793942034245e-001
 189    7.087500095367e-001  3.816944360733e-001
 190    7.124999761581e-001  3.840038180351e-001
 191    7.162500023842e-001  3.863219320774e-001
 192    7.200000286102e-001  3.886485099792e-001
 193    7.237499952316e-001  3.909834623337e-001
 194    7.275000214577e-001  3.933266699314e-001
 195    7.312499880791e-001  3.956781923771e-001
 196    7.350000143051e-001  3.980378806591e-001
 197    7.387499809265e-001  4.004055559635e-001
 198    7.425000071526e-001  4.027808606625e-001
 199    7.462499737740e-001  4.051632285118e-001
 200    7.500000000000e-001  4.075519740582e-001
 201    7.537500262260e-001  4.099461734295e-001
 202    7.574999928474e-001  4.123448133469e-001
 203    7.612500190735e-001  4.147468209267e-001
 204    7.649999856949e-001  4.171511530876e-001
 205    7.687500119209e-001  4.195567965508e-001
 206    7.724999785423e-001  4.219628870487e-001
 207    7.762500047684e-001  4.243687987328e-001
 208    7.799999713898e-001  4.267742037773e-001
 209    7.837499976158e-001  4.291790127754e-001
 210    7.875000238419e-001  4.315834641457e-001
 211    7.912499904633e-001  4.339881241322e-001
 212    7.950000166893e-001  4.363937377930e-001
 213    7.987499833107e-001  4.388012588024e-001
 214    8.025000095367e-001  4.412118196487e-001
 215    8.062499761581e-001  4.436264932156e-001
 216    8.100000023842e-001  4.460463523865e-001
 217    8.137500286102e-001  4.484723210335e-001
 218    8.174999952316e-001  4.509051740170e-001
 219    8.212500214577e-001  4.533454179764e-001
 220    8.249999880791e-001  4.557933509350e-001
 221    8.287500143051e-001  4.582490026951e-001
 222    8.324999809265e-001  4.607121944427e-001
 223    8.362500071526e-001  4.631824791431e-001
 224    8.399999737740e-001  4.656592905521e-001
 225    8.437500000000e-001  4.681418836117e-001
 226    8.475000262260e-001  4.706293642521e-001
 227    8.512499928474e-001  4.731208384037e-001
 228    8.550000190735e-001  4.756153225899e-001
 229    8.587499856949e-001  4.781118631363e-001
 230    8.625000119209e-001  4.806095063686e-001
 231    8.662499785423e-001  4.831074178219e-001
 232    8.700000047684e-001  4.856048226357e-001
 233    8.737499713898e-001  4.881010949612e-001
 234    8.774999976158e-001  4.905957281590e-001
 235    8.812500238419e-001  4.930884838104e-001
 236    8.849999904633e-001  4.955792129040e-001
 237    8.887500166893e-001  4.980680048466e-001
 238    8.924999833107e-001  5.005550980568e-001
 239    8.962500095367e-001  5.030409097672e-001
 240    8.999999761581e-001  5.055258870125e-001
 241    9.037500023842e-001  5.080105662346e-001
 242    9.075000286102e-001  5.104954838753e-001
 243    9.112499952316e-001  5.129811167717e-001
 244    9.150000214577e-001  5.154678225517e-001
 245    9.187499880791e-001  5.179558396339e-001
 246    9.225000143051e-001  5.204451084137e-001
 247    9.262499809265e-001  5.229354500771e-001
 248    9.300000071526e-001  5.254265069962e-001
 249    9.337499737740e-001  5.279176831245e-001
 250    9.375000000000e-001  5.304081439972e-001
 251    9.412500262260e-001  5.328969359398e-001
 252    9.449999928474e-001  5.353830456734e-001
 253    9.487500190735e-001  5.378652811050e-001
 254    9.524999856949e-001  5.403423905373e-001
 255    9.562500119209e-001  5.428132414818e-001
 256    9.599999785423e-001  5.452766418457e-001
 257    9.637500047684e-001  5.477313995361e-001
 258    9.674999713898e-001  5.501765608788e-001
 259    9.712499976158e-001  5.526111721992e-001
 260    9.750000238419e-001  5.550343990326e-001
 261    9.787499904633e-001  5.574455857277e-001
 262    9.825000166893e-001  5.598441362381e-001
 263    9.862499833107e-001  5.622296333313e-001
 264    9.900000095367e-001  5.646019577980e-001
 265    9.937499761581e-001  5.669608712196e-001
 266    9.975000023842e-001  5.693065524101e-001
 267    1.001250028610e+000  5.716391205788e-001
 268    1.004999995232e+000  5.739590525627e-001
 269    1.008749961853e+000  5.762668251991e-001
 270    1.012500047684e+000  5.785631537437e-001
 271    1.016250014305e+000  5.808488130569e-001
 272    1.019999980927e+000  5.831248164177e-001
 273    1.023749947548e+000  5.853922367096e-001
 274    1.027500033379e+000  5.876522660255e-001
 275    1.031250000000e+000  5.899061560631e-001
 276    1.034999966621e+000  5.921550989151e-001
 277    1.038750052452e+000  5.944005250931e-001
 278    1.042500019073e+000  5.966435074806e-001
 279    1.046249985695e+000  5.988851785660e-001
 280    1.049999952316e+000  6.011264920235e-001
 281    1.053750038147e+000  6.033681631088e-001
 282    1.057500004768e+000  6.056105494499e-001
 283    1.061249971390e+000  6.078537702560e-001
 284    1.065000057220e+000  6.100975275040e-001
 285    1.068750023842e+000  6.123412847519e-001
 286    1.072499990463e+000  6.145840287209e-001
 287    1.076249957085e+000  6.168245077133e-001
 288    1.080000042915e+000  6.190611720085e-001
 289    1.083750009537e+000  6.212922334671e-001
 290    1.087499976158e+000  6.235157847404e-001
 291    1.091249942780e+000  6.257298588753e-001
 292    1.095000028610e+000  6.279323101044e-001
 293    1.098749995232e+000  6.301212310791e-001
 294    1.102499961853e+000  6.322945952415e-001
 295    1.106250047684e+000  6.344504952431e-001
 296    1.110000014305e+000  6.365870833397e-001
 297    1.113749980927e+000  6.387026906013e-001
 298    1.117499947548e+000  6.407956480980e-001
 299    1.121250033379e+000  6.428643465042e-001
 300    1.125000000000e+000  6.449072957039e-001
 301    1.128749966621e+000  6.469228267670e-001
 302    1.132500052452e+000  6.489095687866e-001
 303    1.136250019073e+000  6.508659720421e-001
 304    1.139999985695e+000  6.527906656265e-001
 305    1.143749952316e+000  6.546822786331e-001
 306    1.147500038147e+000  6.565396189690e-001
 307    1.151250004768e+000  6.583616137505e-001
 308    1.154999971390e+000  6.601474881172e-001
 309    1.158750057220e+000  6.618964672089e-001
 310    1.162500023842e+000  6.636083722115e-001
 311    1.166249990463e+000  6.652829647064e-001
 312    1.169999957085e+000  6.669206023216e-001
 313    1.173750042915e+000  6.685216426849e-001
 314    1.177500009537e+000  6.700869202614e-001
 315    1.181249976158e+000  6.716173291206e-001
 316    1.184999942780e+000  6.731140613556e-001
 317    1.188750028610e+000  6.745783686638e-001
 318    1.192499995232e+000  6.760115623474e-001
 319    1.196249961853e+000  6.774149537086e-001
 320    1.200000047684e+000  6.787898540497e-001
 321    1.203750014305e+000  6.801373362541e-001
 322    1.207499980927e+000  6.814584136009e-001
 323    1.211249947548e+000  6.827538013458e-001
 324    1.215000033379e+000  6.840239763260e-001
 325    1.218750000000e+000  6.852692961693e-001
 326    1.222499966621e+000  6.864898204803e-001
 327    1.226250052452e+000  6.876852512360e-001
 328    1.230000019073e+000  6.888554096222e-001
 329    1.233749985695e+000  6.899997591972e-001
 330    1.237499952316e+000  6.911178827286e-001
 331    1.241250038147e+000  6.922093033791e-001
 332    1.245000004768e+000  6.932735443115e-001
 333    1.248749971390e+000  6.943105459213e-001
 334    1.252500057220e+000  6.953202486038e-001
 335    1.256250023842e+000  6.963030099869e-001
 336    1.259999990463e+000  6.972596049309e-001
 337    1.263749957085e+000  6.981911063194e-001
 338    1.267500042915e+000  6.990990042686e-001
 339    1.271250009537e+000  6.999853253365e-001
 340    1.274999976158e+000  7.008522152901e-001
 341    1.278749942780e+000  7.017024755478e-001
 342    1.282500028610e+000  7.025387287140e-001
 343    1.286249995232e+000  7.033641338348e-001
 344    1.289999961853e+000  7.041816115379e-001
 345    1.293750047684e+000  7.049942016602e-001
 346    1.297500014305e+000  7.058047652245e-001
 347    1.301249980927e+000  7.066158056259e-001
 348    1.304999947548e+000  7.074296474457e-001
 349    1.308750033379e+000  7.082483768463e-001
 350    1.312500000000e+000  7.090734839439e-001
 351    1.316249966621e+000  7.099062204361e-001
 352    1.320000052452e+000  7.107474803925e-001
 353    1.323750019073e+000  7.115978002548e-001
 354    1.327499985695e+000  7.124575376511e-001
 355    1.331249952316e+000  7.133266925812e-001
 356    1.335000038147e+000  7.142052054405e-001
 357    1.338750004768e+000  7.150930166245e-001
 358    1.342499971390e+000  7.159898877144e-001
 359    1.346250057220e+000  7.168957591057e-001
 360    1.350000023842e+000  7.178105711937e-001
 361    1.353749990463e+000  7.187344431877e-001
 362    1.357499957085e+000  7.196676135063e-001
 363    1.361250042915e+000  7.206103801727e-001
 364    1.365000009537e+000  7.215632200241e-001
 365    1.368749976158e+000  7.225267887115e-001
 366    1.372499942780e+000  7.235016822815e-001
 367    1.376250028610e+000  7.244887351990e-001
 368    1.379999995232e+000  7.254886031151e-001
 369    1.383749961853e+000  7.265021204948e-001
 370    1.387500047684e+000  7.275301218033e-001
 371    1.391250014305e+000  7.285733819008e-001
 372    1.394999980927e+000  7.296326160431e-001
 373    1.398749947548e+000  7.307086586952e-001
 374    1.402500033379e+000  7.318022251129e-001
 375    1.406250000000e+000  7.329142093658e-001
 376    1.409999966621e+000  7.340453863144e-001
 377    1.413750052452e+000  7.351965904236e-001
 378    1.417500019073e+000  7.363685965538e-001
 379    1.421249985695e+000  7.375623583794e-001
 380    1.424999952316e+000  7.387787699699e-001
 381    1.428750038147e+000  7.400186061859e-001
 382    1.432500004768e+000  7.412827610970e-001
 383    1.436249971390e+000  7.425721287727e-001
 384    1.440000057220e+000  7.438874840736e-001
 385    1.443750023842e+000  7.452296018600e-001
 386    1.447499990463e+000  7.465991377831e-001
 387    1.451249957085e+000  7.479966878891e-001
 388    1.455000042915e+000  7.494229078293e-001
 389    1.458750009537e+000  7.508781552315e-001
 390    1.462499976158e+000  7.523629665375e-001
 391    1.466249942780e+000  7.538775801659e-001
 392    1.470000028610e+000  7.554223537445e-001
 393    1.473749995232e+000  7.569974660873e-001
 394    1.477499961853e+000  7.586030364037e-001
 395    1.481250047684e+000  7.602390646935e-001
 396    1.485000014305e+000  7.619056105614e-001
 397    1.488749980927e+000  7.636024951935e-001
 398    1.492499947548e+000  7.653294801712e-001
 399    1.496250033379e+000  7.670861482620e-001
 400    1.500000000000e+000  7.688719034195e-001
