 0    0.000000000000e+000  0.000000000000e+000
 1    3.749999916181e-003 -5.281048288452e-006
 2    7.499999832362e-003 -2.237129592686e-005
 3    1.125000044703e-002 -5.663109914167e-005
 4    1.499999966472e-002 -1.110462399083e-004
 5    1.875000074506e-002 -1.859784242697e-004
 6    2.250000089407e-002 -2.796269836836e-004
 7    2.624999918044e-002 -3.889201034326e-004
 8    2.999999932945e-002 -5.105315358378e-004
 9    3.375000134110e-002 -6.417479598895e-004
 10    3.750000149012e-002 -7.810021634214e-004
 11    4.125000163913e-002 -9.280166123062e-004
 12    4.500000178814e-002 -1.083621522412e-003
 13    4.874999821186e-002 -1.249377964996e-003
 14    5.249999836087e-002 -1.427145325579e-003
 15    5.624999850988e-002 -1.618696842343e-003
 16    5.999999865890e-002 -1.825442654081e-003
 17    6.374999880791e-002 -2.048284746706e-003
 18    6.750000268221e-002 -2.287600422278e-003
 19    7.124999910593e-002 -2.543331356719e-003
 20    7.500000298023e-002 -2.815144369379e-003
 21    7.874999940395e-002 -3.102611750364e-003
 22    8.250000327826e-002 -3.405373077840e-003
 23    8.624999970198e-002 -3.723246976733e-003
 24    9.000000357628e-002 -4.056277684867e-003
 25    9.375000000000e-002 -4.404726903886e-003
 26    9.749999642372e-002 -4.769012797624e-003
 27    1.012500002980e-001 -5.149618722498e-003
 28    1.049999967217e-001 -5.546982400119e-003
 29    1.087500005960e-001 -5.961384158581e-003
 30    1.124999970198e-001 -6.392857525498e-003
 31    1.162500008941e-001 -6.841149646789e-003
 32    1.199999973178e-001 -7.305732928216e-003
 33    1.237500011921e-001 -7.785885594785e-003
 34    1.274999976158e-001 -8.280808106065e-003
 35    1.312499940395e-001 -8.789766579866e-003
 36    1.350000053644e-001 -9.312214329839e-003
 37    1.387500017881e-001 -9.847879409790e-003
 38    1.424999982119e-001 -1.039679255337e-002
 39    1.462499946356e-001 -1.095925737172e-002
 40    1.500000059605e-001 -1.153577212244e-002
 41    1.537500023842e-001 -1.212691795081e-002
 42    1.574999988079e-001 -1.273325085640e-002
 43    1.612499952316e-001 -1.335520762950e-002
 44    1.650000065565e-001 -1.399305555969e-002
 45    1.687500029802e-001 -1.464688312262e-002
 46    1.724999994040e-001 -1.531664468348e-002
 47    1.762499958277e-001 -1.600222475827e-002
 48    1.800000071526e-001 -1.670350506902e-002
 49    1.837500035763e-001 -1.742043159902e-002
 50    1.875000000000e-001 -1.815304346383e-002
 51    1.912499964237e-001 -1.890147849917e-002
 52    1.949999928474e-001 -1.966594345868e-002
 53    1.987500041723e-001 -2.044666931033e-002
 54    2.025000005960e-001 -2.124386280775e-002
 55    2.062499970198e-001 -2.205765619874e-002
 56    2.099999934435e-001 -2.288807369769e-002
 57    2.137500047684e-001 -2.373502589762e-002
 58    2.175000011921e-001 -2.459832280874e-002
 59    2.212499976158e-001 -2.547770738602e-002
 60    2.249999940395e-001 -2.637290582061e-002
 61    2.287500053644e-001 -2.728367224336e-002
 62    2.325000017881e-001 -2.820982784033e-002
 63    2.362499982119e-001 -2.915127761662e-002
 64    2.399999946356e-001 -3.010801039636e-002
 65    2.437500059605e-001 -3.108008019626e-002
 66    2.475000023842e-001 -3.206755965948e-002
 67    2.512499988079e-001 -3.307051211596e-002
 68    2.549999952316e-001 -3.408892452717e-002
 69    2.587499916553e-001 -3.512270003557e-002
 70    2.624999880791e-001 -3.617162629962e-002
 71    2.662500143051e-001 -3.723537549376e-002
 72    2.700000107288e-001 -3.831352666020e-002
 73    2.737500071526e-001 -3.940558433533e-002
 74    2.775000035763e-001 -4.051101580262e-002
 75    2.812500000000e-001 -4.162928834558e-002
 76    2.849999964237e-001 -4.275989159942e-002
 77    2.887499928474e-001 -4.390236735344e-002
 78    2.924999892712e-001 -4.505632445216e-002
 79    2.962499856949e-001 -4.622144997120e-002
 80    3.000000119209e-001 -4.739751666784e-002
 81    3.037500083447e-001 -4.858437553048e-002
 82    3.075000047684e-001 -4.978195950389e-002
 83    3.112500011921e-001 -5.099026486278e-002
 84    3.149999976158e-001 -5.220934376121e-002
 85    3.187499940395e-001 -5.343924462795e-002
 86    3.224999904633e-001 -5.467999726534e-002
 87    3.262499868870e-001 -5.593153834343e-002
 88    3.300000131130e-001 -5.719367414713e-002
 89    3.337500095367e-001 -5.846599861979e-002
 90    3.375000059605e-001 -5.974787473679e-002
 91    3.412500023842e-001 -6.103841960430e-002
 92    3.449999988079e-001 -6.233652308583e-002
 93    3.487499952316e-001 -6.364092230797e-002
 94    3.524999916553e-001 -6.495027989149e-002
 95    3.562499880791e-001 -6.626334786415e-002
 96    3.600000143051e-001 -6.757904589176e-002
 97    3.637500107288e-001 -6.889661401510e-002
 98    3.675000071526e-001 -7.021567970514e-002
 99    3.712500035763e-001 -7.153630256653e-002
 100    3.750000000000e-001 -7.285893708467e-002
 101    3.787499964237e-001 -7.418438047171e-002
 102    3.824999928474e-001 -7.551367580891e-002
 103    3.862499892712e-001 -7.684792578220e-002
 104    3.899999856949e-001 -7.818815857172e-002
 105    3.937500119209e-001 -7.953516393900e-002
 106    3.975000083447e-001 -8.088933676481e-002
 107    4.012500047684e-001 -8.225062489510e-002
 108    4.050000011921e-001 -8.361844718456e-002
 109    4.087499976158e-001 -8.499176055193e-002
 110    4.124999940395e-001 -8.636914193630e-002
 111    4.162499904633e-001 -8.774892985821e-002
 112    4.199999868870e-001 -8.912938833237e-002
 113    4.237500131130e-001 -9.050888568163e-002
 114    4.275000095367e-001 -9.188602864742e-002
 115    4.312500059605e-001 -9.325976669788e-002
 116    4.350000023842e-001 -9.462943673134e-002
 117    4.387499988079e-001 -9.599474072456e-002
 118    4.424999952316e-001 -9.735569357872e-002
 119    4.462499916553e-001 -9.871254116297e-002
 120    4.499999880791e-001 -1.000656634569e-001
 121    4.537500143051e-001 -1.014154925942e-001
 122    4.575000107288e-001 -1.027624309063e-001
 123    4.612500071526e-001 -1.041068807244e-001
 124    4.650000035763e-001 -1.054491698742e-001
 125    4.687500000000e-001 -1.067896485329e-001
 126    4.724999964237e-001 -1.081286817789e-001
 127    4.762499928474e-001 -1.094667091966e-001
 128    4.799999892712e-001 -1.108042225242e-001
 129    4.837499856949e-001 -1.121417954564e-001
 130    4.875000119209e-001 -1.134800165892e-001
 131    4.912500083447e-001 -1.148194372654e-001
 132    4.950000047684e-001 -1.161604821682e-001
 133    4.987500011921e-001 -1.175033897161e-001
 134    5.024999976158e-001 -1.188481375575e-001
 135    5.062500238419e-001 -1.201944127679e-001
 136    5.099999904633e-001 -1.215415820479e-001
 137    5.137500166893e-001 -1.228887140751e-001
 138    5.174999833107e-001 -1.242346316576e-001
 139    5.212500095367e-001 -1.255779713392e-001
 140    5.249999761581e-001 -1.269172430038e-001
 141    5.287500023842e-001 -1.282509118319e-001
 142    5.325000286102e-001 -1.295774281025e-001
 143    5.362499952316e-001 -1.308952867985e-001
 144    5.400000214577e-001 -1.322030574083e-001
 145    5.437499880791e-001 -1.334993541241e-001
 146    5.475000143051e-001 -1.347828209400e-001
 147    5.512499809265e-001 -1.360521614552e-001
 148    5.550000071526e-001 -1.373061090708e-001
 149    5.587499737740e-001 -1.385434120893e-001
 150    5.625000000000e-001 -1.397628784180e-001
 151    5.662500262260e-001 -1.409633457661e-001
 152    5.699999928474e-001 -1.421437561512e-001
 153    5.737500190735e-001 -1.433031260967e-001
 154    5.774999856949e-001 -1.444406360388e-001
 155    5.812500119209e-001 -1.455555409193e-001
 156    5.849999785423e-001 -1.466472893953e-001
 157    5.887500047684e-001 -1.477154195309e-001
 158    5.924999713898e-001 -1.487596333027e-001
 159    5.962499976158e-001 -1.497797071934e-001
 160    6.000000238419e-001 -1.507755219936e-001
 161    6.037499904633e-001 -1.517470479012e-001
 162    6.075000166893e-001 -1.526943594217e-001
 163    6.112499833107e-001 -1.536175906658e-001
 164    6.150000095367e-001 -1.545169949532e-001
 165    6.187499761581e-001 -1.553928703070e-001
 166    6.225000023842e-001 -1.562456786633e-001
 167    6.262500286102e-001 -1.570758968592e-001
 168    6.299999952316e-001 -1.578841507435e-001
 169    6.337500214577e-001 -1.586710810661e-001
 170    6.374999880791e-001 -1.594373881817e-001
 171    6.412500143051e-001 -1.601838171482e-001
 172    6.449999809265e-001 -1.609110683203e-001
 173    6.487500071526e-001 -1.616198420525e-001
 174    6.524999737740e-001 -1.623108088970e-001
 175    6.562500000000e-001 -1.629845798016e-001
 176    6.600000262260e-001 -1.636417806149e-001
 177    6.637499928474e-001 -1.642829775810e-001
 178    6.675000190735e-001 -1.649087816477e-001
 179    6.712499856949e-001 -1.655198484659e-001
 180    6.750000119209e-001 -1.661169081926e-001
 181    6.787499785423e-001 -1.667007505894e-001
 182    6.825000047684e-001 -1.672722846270e-001
 183    6.862499713898e-001 -1.678324937820e-001
 184    6.899999976158e-001 -1.683824509382e-001
 185    6.937500238419e-001 -1.689232736826e-001
 186    6.974999904633e-001 -1.694560647011e-001
 187    7.012500166893e-001 -1.699819117785e-001
 188    7.049999833107e-001 -1.705018877983e-001
 189    7.087500095367e-001 -1.710168868303e-001
 190    7.124999761581e-001 -1.715277582407e-001
 191    7.162500023842e-001 -1.720351725817e-001
 192    7.200000286102e-001 -1.725397109985e-001
 193    7.237499952316e-001 -1.730418354273e-001
 194    7.275000214577e-001 -1.735419034958e-001
 195    7.312499880791e-001 -1.740402430296e-001
 196    7.350000143051e-001 -1.745371371508e-001
 197    7.387499809265e-001 -1.750329136848e-001
 198    7.425000071526e-001 -1.755279004574e-001
 199    7.462499737740e-001 -1.760224997997e-001
 200    7.500000000000e-001 -1.765172034502e-001
 201    7.537500262260e-001 -1.770125329494e-001
 202    7.574999928474e-001 -1.775090843439e-001
 203    7.612500190735e-001 -1.780074536800e-001
 204    7.649999856949e-001 -1.785082966089e-001
 205    7.687500119209e-001 -1.790121793747e-001
 206    7.724999785423e-001 -1.795196384192e-001
 207    7.762500047684e-001 -1.800311207771e-001
 208    7.799999713898e-001 -1.805469542742e-001
 209    7.837499976158e-001 -1.810673326254e-001
 210    7.875000238419e-001 -1.815923154354e-001
 211    7.912499904633e-001 -1.821218430996e-001
 212    7.950000166893e-001 -1.826557517052e-001
 213    7.987499833107e-001 -1.831937730312e-001
 214    8.025000095367e-001 -1.837356090546e-001
 215    8.062499761581e-001 -1.842809170485e-001
 216    8.100000023842e-001 -1.848293989897e-001
 217    8.137500286102e-001 -1.853808164597e-001
 218    8.174999952316e-001 -1.859350055456e-001
 219    8.212500214577e-001 -1.864919215441e-001
 220    8.249999880791e-001 -1.870516091585e-001
 221    8.287500143051e-001 -1.876142621040e-001
 222    8.324999809265e-001 -1.881801784039e-001
 223    8.362500071526e-001 -1.887497603893e-001
 224    8.399999737740e-001 -1.893235146999e-001
 225    8.437500000000e-001 -1.899020373821e-001
 226    8.475000262260e-001 -1.904859691858e-001
 227    8.512499928474e-001 -1.910760253668e-001
 228    8.550000190735e-001 -1.916729062796e-001
 229    8.587499856949e-001 -1.922773420811e-001
 230    8.625000119209e-001 -1.928900480270e-001
 231    8.662499785423e-001 -1.935117095709e-001
 232    8.700000047684e-001 -1.941429078579e-001
 233    8.737499713898e-001 -1.947841793299e-001
 234    8.774999976158e-001 -1.954359710217e-001
 235    8.812500238419e-001 -1.960985809565e-001
 236    8.849999904633e-001 -1.967722177505e-001
 237    8.887500166893e-001 -1.974569559097e-001
 238    8.924999833107e-001 -1.981527507305e-001
 239    8.962500095367e-001 -1.988594532013e-001
 240    8.999999761581e-001 -1.995768398046e-001
 241    9.037500023842e-001 -2.003046125174e-001
 242    9.075000286102e-001 -2.010424435139e-001
 243    9.112499952316e-001 -2.017900198698e-001
 244    9.150000214577e-001 -2.025469988585e-001
 245    9.187499880791e-001 -2.033131420612e-001
 246    9.225000143051e-001 -2.040882706642e-001
 247    9.262499809265e-001 -2.048722505569e-001
 248    9.300000071526e-001 -2.056650519371e-001
 249    9.337499737740e-001 -2.064667493105e-001
 250    9.375000000000e-001 -2.072774767876e-001
 251    9.412500262260e-001 -2.080974280834e-001
 252    9.449999928474e-001 -2.089268416166e-001
 253    9.487500190735e-001 -2.097660154104e-001
 254    9.524999856949e-001 -2.106152325869e-001
 255    9.562500119209e-001 -2.114747911692e-001
 256    9.599999785423e-001 -2.123449444771e-001
 257    9.637500047684e-001 -2.132259309292e-001
 258    9.674999713898e-001 -2.141179293394e-001
 259    9.712499976158e-001 -2.150210738182e-001
 260    9.750000238419e-001 -2.159354239702e-001
 261    9.787499904633e-001 -2.168609797955e-001
 262    9.825000166893e-001 -2.177976518869e-001
 263    9.862499833107e-001 -2.187453061342e-001
 264    9.900000095367e-001 -2.197037339211e-001
 265    9.937499761581e-001 -2.206726372242e-001
 266    9.975000023842e-001 -2.216517031193e-001
 267    1.001250028610e+000 -2.226404994726e-001
 268    1.004999995232e+000 -2.236385643482e-001
 269    1.008749961853e+000 -2.246454209089e-001
 270    1.012500047684e+000 -2.256604880095e-001
 271    1.016250014305e+000 -2.266832143068e-001
 272    1.019999980927e+000 -2.277129590511e-001
 273    1.023749947548e+000 -2.287490963936e-001
 274    1.027500033379e+000 -2.297910004854e-001
 275    1.031250000000e+000 -2.308379858732e-001
 276    1.034999966621e+000 -2.318894416094e-001
 277    1.038750052452e+000 -2.329447418451e-001
 278    1.042500019073e+000 -2.340033054352e-001
 279    1.046249985695e+000 -2.350645959377e-001
 280    1.049999952316e+000 -2.361281812191e-001
 281    1.053750038147e+000 -2.371936738491e-001
 282    1.057500004768e+000 -2.382608056068e-001
 283    1.061249971390e+000 -2.393293976784e-001
 284    1.065000057220e+000 -2.403994202614e-001
 285    1.068750023842e+000 -2.414709031582e-001
 286    1.072499990463e+000 -2.425439953804e-001
 287    1.076249957085e+000 -2.436189204454e-001
 288    1.080000042915e+000 -2.446959912777e-001
 289    1.083750009537e+000 -2.457755655050e-001
 290    1.087499976158e+000 -2.468580007553e-001
 291    1.091249942780e+000 -2.479436993599e-001
 292    1.095000028610e+000 -2.490330189466e-001
 293    1.098749995232e+000 -2.501263320446e-001
 294    1.102499961853e+000 -2.512239515781e-001
 295    1.106250047684e+000 -2.523261904716e-001
 296    1.110000014305e+000 -2.534332871437e-001
 297    1.113749980927e+000 -2.545454800129e-001
 298    1.117499947548e+000 -2.556630373001e-001
 299    1.121250033379e+000 -2.567861378193e-001
 300    1.125000000000e+000 -2.579150199890e-001
 301    1.128749966621e+000 -2.590498626232e-001
 302    1.132500052452e+000 -2.601909339428e-001
 303    1.136250019073e+000 -2.613384425640e-001
 304    1.139999985695e+000 -2.624926567078e-001
 305    1.143749952316e+000 -2.636537253857e-001
 306    1.147500038147e+000 -2.648218572140e-001
 307    1.151250004768e+000 -2.659971714020e-001
 308    1.154999971390e+000 -2.671797871590e-001
 309    1.158750057220e+000 -2.683696746826e-001
 310    1.162500023842e+000 -2.695667445660e-001
 311    1.166249990463e+000 -2.707708477974e-001
 312    1.169999957085e+000 -2.719817459583e-001
 313    1.173750042915e+000 -2.731990814209e-001
 314    1.177500009537e+000 -2.744224071503e-001
 315    1.181249976158e+000 -2.756513059139e-001
 316    1.184999942780e+000 -2.768851816654e-001
 317    1.188750028610e+000 -2.781234979630e-001
 318    1.192499995232e+000 -2.793657183647e-001
 319    1.196249961853e+000 -2.806112766266e-001
 320    1.200000047684e+000 -2.818596065044e-001
 321    1.203750014305e+000 -2.831102907658e-001
 322    1.207499980927e+000 -2.843629419804e-001
 323    1.211249947548e+000 -2.856171429157e-001
 324    1.215000033379e+000 -2.868727147579e-001
 325    1.218750000000e+000 -2.881294488907e-001
 326    1.222499966621e+000 -2.893872261047e-001
 327    1.226250052452e+000 -2.906459867954e-001
 328    1.230000019073e+000 -2.919057011604e-001
 329    1.233749985695e+000 -2.931663691998e-001
 330    1.237499952316e+000 -2.944280505180e-001
 331    1.241250038147e+000 -2.956906557083e-001
 332    1.245000004768e+000 -2.969541847706e-001
 333    1.248749971390e+000 -2.982184886932e-001
 334    1.252500057220e+000 -2.994833588600e-001
 335    1.256250023842e+000 -3.007485568523e-001
 336    1.259999990463e+000 -3.020136356354e-001
 337    1.263749957085e+000 -3.032780587673e-001
 338    1.267500042915e+000 -3.045412600040e-001
 339    1.271250009537e+000 -3.058024644852e-001
 340    1.274999976158e+000 -3.070608973503e-001
 341    1.278749942780e+000 -3.083156347275e-001
 342    1.282500028610e+000 -3.095658123493e-001
 343    1.286249995232e+000 -3.108104765415e-001
 344    1.289999961853e+000 -3.120487332344e-001
 345    1.293750047684e+000 -3.132797777653e-001
 346    1.297500014305e+000 -3.145028054714e-001
 347    1.301249980927e+000 -3.157171607018e-001
 348    1.304999947548e+000 -3.169223368168e-001
 349    1.308750033379e+000 -3.181179165840e-001
 350    1.312500000000e+000 -3.193036317825e-001
 351    1.316249966621e+000 -3.204793334007e-001
 352    1.320000052452e+000 -3.216450512409e-001
 353    1.323750019073e+000 -3.228008449078e-001
 354    1.327499985695e+000 -3.239469230175e-001
 355    1.331249952316e+000 -3.250835835934e-001
 356    1.335000038147e+000 -3.262111842632e-001
 357    1.338750004768e+000 -3.273300528526e-001
 358    1.342499971390e+000 -3.284405767918e-001
 359    1.346250057220e+000 -3.295431733131e-001
 360    1.350000023842e+000 -3.306381404400e-001
 361    1.353749990463e+000 -3.317258358002e-001
 362    1.357499957085e+000 -3.328064680099e-001
 363    1.361250042915e+000 -3.338802754879e-001
 364    1.365000009537e+000 -3.349473774433e-001
 365    1.368749976158e+000 -3.360078632832e-001
 366    1.372499942780e+000 -3.370617926121e-001
 367    1.376250028610e+000 -3.381091356277e-001
 368    1.379999995232e+000 -3.391498029232e-001
 369    1.383749961853e+000 -3.401837348938e-001
 370    1.387500047684e+000 -3.412108123302e-001
 371    1.391250014305e+000 -3.422308862209e-001
 372    1.394999980927e+000 -3.432437777519e-001
 373    1.398749947548e+000 -3.442493677139e-001
 374    1.402500033379e+000 -3.452475070953e-001
 375    1.406250000000e+000 -3.462380170822e-001
 376    1.409999966621e+000 -3.472208082676e-001
 377    1.413750052452e+000 -3.481957912445e-001
 378    1.417500019073e+000 -3.491628766060e-001
 379    1.421249985695e+000 -3.501220345497e-001
 380    1.424999952316e+000 -3.510732948780e-001
 381    1.428750038147e+000 -3.520166873932e-001
 382    1.432500004768e+000 -3.529523015022e-001
 383    1.436249971390e+000 -3.538802862167e-001
 384    1.440000057220e+000 -3.548008203506e-001
 385    1.443750023842e+000 -3.557140827179e-001
 386    1.447499990463e+000 -3.566203117371e-001
 387    1.451249957085e+000 -3.575198054314e-001
 388    1.455000042915e+000 -3.584128618240e-001
 389    1.458750009537e+000 -3.592998087406e-001
 390    1.462499976158e+000 -3.601810038090e-001
 391    1.466249942780e+000 -3.610568046570e-001
 392    1.470000028610e+000 -3.619275689125e-001
 393    1.473749995232e+000 -3.627937138081e-001
 394    1.477499961853e+000 -3.636556565762e-001
 395    1.481250047684e+000 -3.645137846470e-001
 396    1.485000014305e+000 -3.653685152531e-001
 397    1.488749980927e+000 -3.662202954292e-001
 398    1.492499947548e+000 -3.670695424080e-001
 399    1.496250033379e+000 -3.679167032242e-001
 400    1.500000000000e+000 -3.687622249126e-001
