 2
X
Y
Displacement X Node 1838 : Time
 401
 0    0.000000000000e+000  0.000000000000e+000
 1    3.749999916181e-003  2.994426060468e-003
 2    7.499999832362e-003  5.975807551295e-003
 3    1.125000044703e-002  8.937033824623e-003
 4    1.499999966472e-002  1.187270972878e-002
 5    1.875000074506e-002  1.477982383221e-002
 6    2.250000089407e-002  1.765783876181e-002
 7    2.624999918044e-002  2.050832659006e-002
 8    2.999999932945e-002  2.333428338170e-002
 9    3.375000134110e-002  2.613929100335e-002
 10    3.750000149012e-002  2.892671152949e-002
 11    4.125000163913e-002  3.169903531671e-002
 12    4.500000178814e-002  3.445749729872e-002
 13    4.874999821186e-002  3.720201551914e-002
 14    5.249999836087e-002  3.993137925863e-002
 15    5.624999850988e-002  4.264365136623e-002
 16    5.999999865890e-002  4.533666372299e-002
 17    6.374999880791e-002  4.800847545266e-002
 18    6.750000268221e-002  5.065774172544e-002
 19    7.124999910593e-002  5.328389257193e-002
 20    7.500000298023e-002  5.588713288307e-002
 21    7.874999940395e-002  5.846826732159e-002
 22    8.250000327826e-002  6.102841719985e-002
 23    8.624999970198e-002  6.356868147850e-002
 24    9.000000357628e-002  6.608980149031e-002
 25    9.375000000000e-002  6.859198957682e-002
 26    9.749999642372e-002  7.107482850552e-002
 27    1.012500002980e-001  7.353734970093e-002
 28    1.049999967217e-001  7.597830891609e-002
 29    1.087500005960e-001  7.839645445347e-002
 30    1.124999970198e-001  8.079086244106e-002
 31    1.162500008941e-001  8.316117525101e-002
 32    1.199999973178e-001  8.550775051117e-002
 33    1.237500011921e-001  8.783162385225e-002
 34    1.274999976158e-001  9.013435989618e-002
 35    1.312499940395e-001  9.241780638695e-002
 36    1.350000053644e-001  9.468384832144e-002
 37    1.387500017881e-001  9.693416208029e-002
 38    1.424999982119e-001  9.917007386684e-002
 39    1.462499946356e-001  1.013925448060e-001
 40    1.500000059605e-001  1.036022081971e-001
 41    1.537500023842e-001  1.057995334268e-001
 42    1.574999988079e-001  1.079849675298e-001
 43    1.612499952316e-001  1.101590469480e-001
 44    1.650000065565e-001  1.123224794865e-001
 45    1.687500029802e-001  1.144761145115e-001
 46    1.724999994040e-001  1.166208535433e-001
 47    1.762499958277e-001  1.187575086951e-001
 48    1.800000071526e-001  1.208866536617e-001
 49    1.837500035763e-001  1.230084970593e-001
 50    1.875000000000e-001  1.251228600740e-001
 51    1.912499964237e-001  1.272291839123e-001
 52    1.949999928474e-001  1.293266564608e-001
 53    1.987500041723e-001  1.314143240452e-001
 54    2.025000005960e-001  1.334913820028e-001
 55    2.062499970198e-001  1.355572491884e-001
 56    2.099999934435e-001  1.376117914915e-001
 57    2.137500047684e-001  1.396553814411e-001
 58    2.175000011921e-001  1.416889727116e-001
 59    2.212499976158e-001  1.437140256166e-001
 60    2.249999940395e-001  1.457324326038e-001
 61    2.287500053644e-001  1.477463841438e-001
 62    2.325000017881e-001  1.497582495213e-001
 63    2.362499982119e-001  1.517703682184e-001
 64    2.399999946356e-001  1.537849605083e-001
 65    2.437500059605e-001  1.558039933443e-001
 66    2.475000023842e-001  1.578291207552e-001
 67    2.512499988079e-001  1.598616093397e-001
 68    2.549999952316e-001  1.619023978710e-001
 69    2.587499916553e-001  1.639520376921e-001
 70    2.624999880791e-001  1.660108417273e-001
 71    2.662500143051e-001  1.680789440870e-001
 72    2.700000107288e-001  1.701562851667e-001
 73    2.737500071526e-001  1.722427755594e-001
 74    2.775000035763e-001  1.743383258581e-001
 75    2.812500000000e-001  1.764427870512e-001
 76    2.849999964237e-001  1.785560697317e-001
 77    2.887499928474e-001  1.806780099869e-001
 78    2.924999892712e-001  1.828084290028e-001
 79    2.962499856949e-001  1.849469840527e-001
 80    3.000000119209e-001  1.870932132006e-001
 81    3.037500083447e-001  1.892464309931e-001
 82    3.075000047684e-001  1.914057135582e-001
 83    3.112500011921e-001  1.935699284077e-001
 84    3.149999976158e-001  1.957377493382e-001
 85    3.187499940395e-001  1.979076862335e-001
 86    3.224999904633e-001  2.000782489777e-001
 87    3.262499868870e-001  2.022479623556e-001
 88    3.300000131130e-001  2.044155597687e-001
 89    3.337500095367e-001  2.065800428391e-001
 90    3.375000059605e-001  2.087408602238e-001
 91    3.412500023842e-001  2.108978778124e-001
 92    3.449999988079e-001  2.130514681339e-001
 93    3.487499952316e-001  2.152023911476e-001
 94    3.524999916553e-001  2.173517048359e-001
 95    3.562499880791e-001  2.195006161928e-001
 96    3.600000143051e-001  2.216501981020e-001
 97    3.637500107288e-001  2.238011956215e-001
 98    3.675000071526e-001  2.259538024664e-001
 99    3.712500035763e-001  2.281075119972e-001
 100    3.750000000000e-001  2.302610427141e-001
 101    3.787499964237e-001  2.324123233557e-001
 102    3.824999928474e-001  2.345587164164e-001
 103    3.862499892712e-001  2.366971820593e-001
 104    3.899999856949e-001  2.388245910406e-001
 105    3.937500119209e-001  2.409380972385e-001
 106    3.975000083447e-001  2.430354654789e-001
 107    4.012500047684e-001  2.451153099537e-001
 108    4.050000011921e-001  2.471772432327e-001
 109    4.087499976158e-001  2.492219507694e-001
 110    4.124999940395e-001  2.512510716915e-001
 111    4.162499904633e-001  2.532670497894e-001
 112    4.199999868870e-001  2.552727460861e-001
 113    4.237500131130e-001  2.572711110115e-001
 114    4.275000095367e-001  2.592649459839e-001
 115    4.312500059605e-001  2.612565159798e-001
 116    4.350000023842e-001  2.632474005222e-001
 117    4.387499988079e-001  2.652384042740e-001
 118    4.424999952316e-001  2.672294080257e-001
 119    4.462499916553e-001  2.692196965218e-001
 120    4.499999880791e-001  2.712078392506e-001
 121    4.537500143051e-001  2.731920480728e-001
 122    4.575000107288e-001  2.751702070236e-001
 123    4.612500071526e-001  2.771401107311e-001
 124    4.650000035763e-001  2.790996432304e-001
 125    4.687500000000e-001  2.810465991497e-001
 126    4.724999964237e-001  2.829790413380e-001
 127    4.762499928474e-001  2.848951220512e-001
 128    4.799999892712e-001  2.867931425571e-001
 129    4.837499856949e-001  2.886717021465e-001
 130    4.875000119209e-001  2.905295193195e-001
 131    4.912500083447e-001  2.923657000065e-001
 132    4.950000047684e-001  2.941797077656e-001
 133    4.987500011921e-001  2.959715127945e-001
 134    5.024999976158e-001  2.977416217327e-001
 135    5.062500238419e-001  2.994910478592e-001
 136    5.099999904633e-001  3.012215197086e-001
 137    5.137500166893e-001  3.029352128506e-001
 138    5.174999833107e-001  3.046348690987e-001
 139    5.212500095367e-001  3.063235282898e-001
 140    5.249999761581e-001  3.080044686794e-001
 141    5.287500023842e-001  3.096809983253e-001
 142    5.325000286102e-001  3.113563954830e-001
 143    5.362499952316e-001  3.130336701870e-001
 144    5.400000214577e-001  3.147156536579e-001
 145    5.437499880791e-001  3.164047300816e-001
 146    5.475000143051e-001  3.181030154228e-001
 147    5.512499809265e-001  3.198122978210e-001
 148    5.550000071526e-001  3.215339779854e-001
 149    5.587499737740e-001  3.232692480087e-001
 150    5.625000000000e-001  3.250190317631e-001
 151    5.662500262260e-001  3.267840147018e-001
 152    5.699999928474e-001  3.285646140575e-001
 153    5.737500190735e-001  3.303611874580e-001
 154    5.774999856949e-001  3.321738541126e-001
 155    5.812500119209e-001  3.340026438236e-001
 156    5.849999785423e-001  3.358474969864e-001
 157    5.887500047684e-001  3.377084136009e-001
 158    5.924999713898e-001  3.395854830742e-001
 159    5.962499976158e-001  3.414788246155e-001
 160    6.000000238419e-001  3.433888852596e-001
 161    6.037499904633e-001  3.453162908554e-001
 162    6.075000166893e-001  3.472618460655e-001
 163    6.112499833107e-001  3.492265641689e-001
 164    6.150000095367e-001  3.512115776539e-001
 165    6.187499761581e-001  3.532179296017e-001
 166    6.225000023842e-001  3.552466332912e-001
 167    6.262500286102e-001  3.572984635830e-001
 168    6.299999952316e-001  3.593738973141e-001
 169    6.337500214577e-001  3.614730834961e-001
 170    6.374999880791e-001  3.635958433151e-001
 171    6.412500143051e-001  3.657416403294e-001
 172    6.449999809265e-001  3.679098486900e-001
 173    6.487500071526e-001  3.700995743275e-001
 174    6.524999737740e-001  3.723100125790e-001
 175    6.562500000000e-001  3.745404183865e-001
 176    6.600000262260e-001  3.767901957035e-001
 177    6.637499928474e-001  3.790589570999e-001
 178    6.675000190735e-001  3.813464939594e-001
 179    6.712499856949e-001  3.836528062820e-001
 180    6.750000119209e-001  3.859779536724e-001
 181    6.787499785423e-001  3.883220851421e-001
 182    6.825000047684e-001  3.906852602959e-001
 183    6.862499713898e-001  3.930674791336e-001
 184    6.899999976158e-001  3.954685926437e-001
 185    6.937500238419e-001  3.978882730007e-001
 186    6.974999904633e-001  4.003261029720e-001
 187    7.012500166893e-001  4.027815461159e-001
 188    7.049999833107e-001  4.052540361881e-001
 189    7.087500095367e-001  4.077430367470e-001
 190    7.124999761581e-001  4.102481901646e-001
 191    7.162500023842e-001  4.127691984177e-001
 192    7.200000286102e-001  4.153060019016e-001
 193    7.237499952316e-001  4.178586602211e-001
 194    7.275000214577e-001  4.204274117947e-001
 195    7.312499880791e-001  4.230124652386e-001
 196    7.350000143051e-001  4.256140589714e-001
 197    7.387499809265e-001  4.282321929932e-001
 198    7.425000071526e-001  4.308666586876e-001
 199    7.462499737740e-001  4.335169196129e-001
 200    7.500000000000e-001  4.361819922924e-001
 201    7.537500262260e-001  4.388605356216e-001
 202    7.574999928474e-001  4.415507316589e-001
 203    7.612500190735e-001  4.442504644394e-001
 204    7.649999856949e-001  4.469573497772e-001
 205    7.687500119209e-001  4.496689438820e-001
 206    7.724999785423e-001  4.523827135563e-001
 207    7.762500047684e-001  4.550963938236e-001
 208    7.799999713898e-001  4.578078985214e-001
 209    7.837499976158e-001  4.605156183243e-001
 210    7.875000238419e-001  4.632183313370e-001
 211    7.912499904633e-001  4.659153819084e-001
 212    7.950000166893e-001  4.686064422131e-001
 213    7.987499833107e-001  4.712916910648e-001
 214    8.025000095367e-001  4.739716351032e-001
 215    8.062499761581e-001  4.766468703747e-001
 216    8.100000023842e-001  4.793181419373e-001
 217    8.137500286102e-001  4.819860458374e-001
 218    8.174999952316e-001  4.846510887146e-001
 219    8.212500214577e-001  4.873133599758e-001
 220    8.249999880791e-001  4.899727106094e-001
 221    8.287500143051e-001  4.926285445690e-001
 222    8.324999809265e-001  4.952799081802e-001
 223    8.362500071526e-001  4.979254901409e-001
 224    8.399999737740e-001  5.005638003349e-001
 225    8.437500000000e-001  5.031930208206e-001
 226    8.475000262260e-001  5.058114528656e-001
 227    8.512499928474e-001  5.084171891212e-001
 228    8.550000190735e-001  5.110085606575e-001
 229    8.587499856949e-001  5.135840773582e-001
 230    8.625000119209e-001  5.161424279213e-001
 231    8.662499785423e-001  5.186825990677e-001
 232    8.700000047684e-001  5.212040543556e-001
 233    8.737499713898e-001  5.237064361572e-001
 234    8.774999976158e-001  5.261900424957e-001
 235    8.812500238419e-001  5.286552906036e-001
 236    8.849999904633e-001  5.311031341553e-001
 237    8.887500166893e-001  5.335348248482e-001
 238    8.924999833107e-001  5.359520316124e-001
 239    8.962500095367e-001  5.383564233780e-001
 240    8.999999761581e-001  5.407500267029e-001
 241    9.037500023842e-001  5.431348681450e-001
 242    9.075000286102e-001  5.455128550529e-001
 243    9.112499952316e-001  5.478858947754e-001
 244    9.150000214577e-001  5.502555370331e-001
 245    9.187499880791e-001  5.526230335236e-001
 246    9.225000143051e-001  5.549893379211e-001
 247    9.262499809265e-001  5.573550462723e-001
 248    9.300000071526e-001  5.597202181816e-001
 249    9.337499737740e-001  5.620846748352e-001
 250    9.375000000000e-001  5.644478201866e-001
 251    9.412500262260e-001  5.668089389801e-001
 252    9.449999928474e-001  5.691670179367e-001
 253    9.487500190735e-001  5.715209841728e-001
 254    9.524999856949e-001  5.738698244095e-001
 255    9.562500119209e-001  5.762125849724e-001
 256    9.599999785423e-001  5.785484313965e-001
 257    9.637500047684e-001  5.808767676353e-001
 258    9.674999713898e-001  5.831973552704e-001
 259    9.712499976158e-001  5.855101346970e-001
 260    9.750000238419e-001  5.878154039383e-001
 261    9.787499904633e-001  5.901138782501e-001
 262    9.825000166893e-001  5.924063920975e-001
 263    9.862499833107e-001  5.946940183640e-001
 264    9.900000095367e-001  5.969782471657e-001
 265    9.937499761581e-001  5.992604494095e-001
 266    9.975000023842e-001  6.015421748161e-001
 267    1.001250028610e+000  6.038248538971e-001
 268    1.004999995232e+000  6.061099767685e-001
 269    1.008749961853e+000  6.083987951279e-001
 270    1.012500047684e+000  6.106923222542e-001
 271    1.016250014305e+000  6.129913926125e-001
 272    1.019999980927e+000  6.152966618538e-001
 273    1.023749947548e+000  6.176084280014e-001
 274    1.027500033379e+000  6.199269294739e-001
 275    1.031250000000e+000  6.222521066666e-001
 276    1.034999966621e+000  6.245838999748e-001
 277    1.038750052452e+000  6.269220709801e-001
 278    1.042500019073e+000  6.292664408684e-001
 279    1.046249985695e+000  6.316167116165e-001
 280    1.049999952316e+000  6.339726448059e-001
 281    1.053750038147e+000  6.363338232040e-001
 282    1.057500004768e+000  6.387000679970e-001
 283    1.061249971390e+000  6.410707831383e-001
 284    1.065000057220e+000  6.434454917908e-001
 285    1.068750023842e+000  6.458234190941e-001
 286    1.072499990463e+000  6.482036709785e-001
 287    1.076249957085e+000  6.505851745605e-001
 288    1.080000042915e+000  6.529665589333e-001
 289    1.083750009537e+000  6.553464531898e-001
 290    1.087499976158e+000  6.577232480049e-001
 291    1.091249942780e+000  6.600953340530e-001
 292    1.095000028610e+000  6.624609827995e-001
 293    1.098749995232e+000  6.648185849190e-001
 294    1.102499961853e+000  6.671666502953e-001
 295    1.106250047684e+000  6.695036292076e-001
 296    1.110000014305e+000  6.718281507492e-001
 297    1.113749980927e+000  6.741390228271e-001
 298    1.117499947548e+000  6.764351129532e-001
 299    1.121250033379e+000  6.787152886391e-001
 300    1.125000000000e+000  6.809784770012e-001
 301    1.128749966621e+000  6.832237839699e-001
 302    1.132500052452e+000  6.854500770569e-001
 303    1.136250019073e+000  6.876564025879e-001
 304    1.139999985695e+000  6.898417472839e-001
 305    1.143749952316e+000  6.920050978661e-001
 306    1.147500038147e+000  6.941455006599e-001
 307    1.151250004768e+000  6.962621808052e-001
 308    1.154999971390e+000  6.983544230461e-001
 309    1.158750057220e+000  7.004217505455e-001
 310    1.162500023842e+000  7.024639248848e-001
 311    1.166249990463e+000  7.044809460640e-001
 312    1.169999957085e+000  7.064731717110e-001
 313    1.173750042915e+000  7.084411978722e-001
 314    1.177500009537e+000  7.103859186172e-001
 315    1.181249976158e+000  7.123084664345e-001
 316    1.184999942780e+000  7.142100930214e-001
 317    1.188750028610e+000  7.160922288895e-001
 318    1.192499995232e+000  7.179563641548e-001
 319    1.196249961853e+000  7.198038697243e-001
 320    1.200000047684e+000  7.216360569000e-001
 321    1.203750014305e+000  7.234540581703e-001
 322    1.207499980927e+000  7.252587080002e-001
 323    1.211249947548e+000  7.270506620407e-001
 324    1.215000033379e+000  7.288302183151e-001
 325    1.218750000000e+000  7.305974364281e-001
 326    1.222499966621e+000  7.323520779610e-001
 327    1.226250052452e+000  7.340937256813e-001
 328    1.230000019073e+000  7.358217239380e-001
 329    1.233749985695e+000  7.375353574753e-001
 330    1.237499952316e+000  7.392339706421e-001
 331    1.241250038147e+000  7.409168481827e-001
 332    1.245000004768e+000  7.425834536552e-001
 333    1.248749971390e+000  7.442334890366e-001
 334    1.252500057220e+000  7.458668351173e-001
 335    1.256250023842e+000  7.474836707115e-001
 336    1.259999990463e+000  7.490844130516e-001
 337    1.263749957085e+000  7.506700158119e-001
 338    1.267500042915e+000  7.522414326668e-001
 339    1.271250009537e+000  7.538000345230e-001
 340    1.274999976158e+000  7.553474307060e-001
 341    1.278749942780e+000  7.568853497505e-001
 342    1.282500028610e+000  7.584156394005e-001
 343    1.286249995232e+000  7.599401473999e-001
 344    1.289999961853e+000  7.614607810974e-001
 345    1.293750047684e+000  7.629793882370e-001
 346    1.297500014305e+000  7.644976377487e-001
 347    1.301249980927e+000  7.660170197487e-001
 348    1.304999947548e+000  7.675389647484e-001
 349    1.308750033379e+000  7.690645456314e-001
 350    1.312500000000e+000  7.705947756767e-001
 351    1.316249966621e+000  7.721303701401e-001
 352    1.320000052452e+000  7.736719250679e-001
 353    1.323750019073e+000  7.752199769020e-001
 354    1.327499985695e+000  7.767748236656e-001
 355    1.331249952316e+000  7.783369421959e-001
 356    1.335000038147e+000  7.799066305161e-001
 357    1.338750004768e+000  7.814844250679e-001
 358    1.342499971390e+000  7.830708026886e-001
 359    1.346250057220e+000  7.846664786339e-001
 360    1.350000023842e+000  7.862723469734e-001
 361    1.353749990463e+000  7.878894209862e-001
 362    1.357499957085e+000  7.895188331604e-001
 363    1.361250042915e+000  7.911618947983e-001
 364    1.365000009537e+000  7.928199768066e-001
 365    1.368749976158e+000  7.944944500923e-001
 366    1.372499942780e+000  7.961868047714e-001
 367    1.376250028610e+000  7.978983521461e-001
 368    1.379999995232e+000  7.996301651001e-001
 369    1.383749961853e+000  8.013832569122e-001
 370    1.387500047684e+000  8.031584620476e-001
 371    1.391250014305e+000  8.049561977386e-001
 372    1.394999980927e+000  8.067768216133e-001
 373    1.398749947548e+000  8.086202144623e-001
 374    1.402500033379e+000  8.104862570763e-001
 375    1.406250000000e+000  8.123744726181e-001
 376    1.409999966621e+000  8.142842054367e-001
 377    1.413750052452e+000  8.162148594856e-001
 378    1.417500019073e+000  8.181656599045e-001
 379    1.421249985695e+000  8.201357722282e-001
 380    1.424999952316e+000  8.221246004105e-001
 381    1.428750038147e+000  8.241313695908e-001
 382    1.432500004768e+000  8.261556029320e-001
 383    1.436249971390e+000  8.281968235970e-001
 384    1.440000057220e+000  8.302545547485e-001
 385    1.443750023842e+000  8.323285579681e-001
 386    1.447499990463e+000  8.344184756279e-001
 387    1.451249957085e+000  8.365241885185e-001
 388    1.455000042915e+000  8.386453390121e-001
 389    1.458750009537e+000  8.407816886902e-001
 390    1.462499976158e+000  8.429329395294e-001
 391    1.466249942780e+000  8.450987339020e-001
 392    1.470000028610e+000  8.472786545753e-001
 393    1.473749995232e+000  8.494722247124e-001
 394    1.477499961853e+000  8.516789674759e-001
 395    1.481250047684e+000  8.538982868195e-001
 396    1.485000014305e+000  8.561297059059e-001
 397    1.488749980927e+000  8.583726286888e-001
 398    1.492499947548e+000  8.606265783310e-001
 399    1.496250033379e+000  8.628909587860e-001
 400    1.500000000000e+000  8.651652336121e-001
X
Y
Displacement Y Node 1838 : Time
 401
 0    0.000000000000e+000  0.000000000000e+000
 1    3.749999916181e-003  3.862327346837e-009
 2    7.499999832362e-003  2.084295402938e-008
 3    1.125000044703e-002  5.989201667944e-008
 4    1.499999966472e-002  1.247436642871e-007
 5    1.875000074506e-002  2.146544630932e-007
 6    2.250000089407e-002  3.301543074485e-007
 7    2.624999918044e-002  4.792105414708e-007
 8    2.999999932945e-002  6.791520945626e-007
 9    3.375000134110e-002  9.529231306260e-007
 10    3.750000149012e-002  1.322041157437e-006
 11    4.125000163913e-002  1.800454924705e-006
 12    4.500000178814e-002  2.392531087025e-006
 13    4.874999821186e-002  3.095743295489e-006
 14    5.249999836087e-002  3.906161509803e-006
 15    5.624999850988e-002  4.823829385714e-006
 16    5.999999865890e-002  5.855715698999e-006
 17    6.374999880791e-002  7.015343726380e-006
 18    6.750000268221e-002  8.319615517394e-006
 19    7.124999910593e-002  9.784270332602e-006
 20    7.500000298023e-002  1.141978009400e-005
 21    7.874999940395e-002  1.322936441284e-005
 22    8.250000327826e-002  1.521019385109e-005
 23    8.624999970198e-002  1.735772275424e-005
 24    9.000000357628e-002  1.967167372641e-005
 25    9.375000000000e-002  2.216113534814e-005
 26    9.749999642372e-002  2.484598917363e-005
 27    1.012500002980e-001  2.775299799396e-005
 28    1.049999967217e-001  3.090694008279e-005
 29    1.087500005960e-001  3.431944060139e-005
 30    1.124999970198e-001  3.797943281825e-005
 31    1.162500008941e-001  4.184881618130e-005
 32    1.199999973178e-001  4.586489376379e-005
 33    1.237500011921e-001  4.994844493922e-005
 34    1.274999976158e-001  5.401390808402e-005
 35    1.312499940395e-001  5.797739868285e-005
 36    1.350000053644e-001  6.175916496431e-005
 37    1.387500017881e-001  6.527951336466e-005
 38    1.424999982119e-001  6.844972813269e-005
 39    1.462499946356e-001  7.116211781977e-005
 40    1.500000059605e-001  7.328353967750e-005
 41    1.537500023842e-001  7.465649832739e-005
 42    1.574999988079e-001  7.510905561503e-005
 43    1.612499952316e-001  7.447163079632e-005
 44    1.650000065565e-001  7.259590347530e-005
 45    1.687500029802e-001  6.936921272427e-005
 46    1.724999994040e-001  6.471901724581e-005
 47    1.762499958277e-001  5.860495366505e-005
 48    1.800000071526e-001  5.100043199491e-005
 49    1.837500035763e-001  4.186972364550e-005
 50    1.875000000000e-001  3.114789797110e-005
 51    1.912499964237e-001  1.872996654129e-005
 52    1.949999928474e-001  4.471786269278e-006
 53    1.987500041723e-001 -1.179887203762e-005
 54    2.025000005960e-001 -3.026622289326e-005
 55    2.062499970198e-001 -5.111139398650e-005
 56    2.099999934435e-001 -7.450320117641e-005
 57    2.137500047684e-001 -1.005967060337e-004
 58    2.175000011921e-001 -1.295384136029e-004
 59    2.212499976158e-001 -1.614748034626e-004
 60    2.249999940395e-001 -1.965604024008e-004
 61    2.287500053644e-001 -2.349627029616e-004
 62    2.325000017881e-001 -2.768624981400e-004
 63    2.362499982119e-001 -3.224504471291e-004
 64    2.399999946356e-001 -3.719216620084e-004
 65    2.437500059605e-001 -4.254697414581e-004
 66    2.475000023842e-001 -4.832818231080e-004
 67    2.512499988079e-001 -5.455352948047e-004
 68    2.549999952316e-001 -6.123955245130e-004
 69    2.587499916553e-001 -6.840150454082e-004
 70    2.624999880791e-001 -7.605324499309e-004
 71    2.662500143051e-001 -8.420732337981e-004
 72    2.700000107288e-001 -9.287510765716e-004
 73    2.737500071526e-001 -1.020670984872e-003
 74    2.775000035763e-001 -1.117933075875e-003
 75    2.812500000000e-001 -1.220638048835e-003
 76    2.849999964237e-001 -1.328890211880e-003
 77    2.887499928474e-001 -1.442799577489e-003
 78    2.924999892712e-001 -1.562478602864e-003
 79    2.962499856949e-001 -1.688036718406e-003
 80    3.000000119209e-001 -1.819569268264e-003
 81    3.037500083447e-001 -1.957145985216e-003
 82    3.075000047684e-001 -2.100797370076e-003
 83    3.112500011921e-001 -2.250504679978e-003
 84    3.149999976158e-001 -2.406193641946e-003
 85    3.187499940395e-001 -2.567732241005e-003
 86    3.224999904633e-001 -2.734936773777e-003
 87    3.262499868870e-001 -2.907584421337e-003
 88    3.300000131130e-001 -3.085429547355e-003
 89    3.337500095367e-001 -3.268226515502e-003
 90    3.375000059605e-001 -3.455751575530e-003
 91    3.412500023842e-001 -3.647822421044e-003
 92    3.449999988079e-001 -3.844311926514e-003
 93    3.487499952316e-001 -4.045152571052e-003
 94    3.524999916553e-001 -4.250327125192e-003
 95    3.562499880791e-001 -4.459849558771e-003
 96    3.600000143051e-001 -4.673734772950e-003
 97    3.637500107288e-001 -4.891958087683e-003
 98    3.675000071526e-001 -5.114421248436e-003
 99    3.712500035763e-001 -5.340914707631e-003
 100    3.750000000000e-001 -5.571096669883e-003
 101    3.787499964237e-001 -5.804486107081e-003
 102    3.824999928474e-001 -6.040473934263e-003
 103    3.862499892712e-001 -6.278351414949e-003
 104    3.899999856949e-001 -6.517355795950e-003
 105    3.937500119209e-001 -6.756719667464e-003
 106    3.975000083447e-001 -6.995728705078e-003
 107    4.012500047684e-001 -7.233769167215e-003
 108    4.050000011921e-001 -7.470365613699e-003
 109    4.087499976158e-001 -7.705201394856e-003
 110    4.124999940395e-001 -7.938119582832e-003
 111    4.162499904633e-001 -8.169103413820e-003
 112    4.199999868870e-001 -8.398249745369e-003
 113    4.237500131130e-001 -8.625718764961e-003
 114    4.275000095367e-001 -8.851692080498e-003
 115    4.312500059605e-001 -9.076326154172e-003
 116    4.350000023842e-001 -9.299714118242e-003
 117    4.387499988079e-001 -9.521855041385e-003
 118    4.424999952316e-001 -9.742640890181e-003
 119    4.462499916553e-001 -9.961841627955e-003
 120    4.499999880791e-001 -1.017911639065e-002
 121    4.537500143051e-001 -1.039401814342e-002
 122    4.575000107288e-001 -1.060600951314e-002
 123    4.612500071526e-001 -1.081448048353e-002
 124    4.650000035763e-001 -1.101876329631e-002
 125    4.687500000000e-001 -1.121815200895e-002
 126    4.724999964237e-001 -1.141192205250e-002
 127    4.762499928474e-001 -1.159934885800e-002
 128    4.799999892712e-001 -1.177973207086e-002
 129    4.837499856949e-001 -1.195242255926e-002
 130    4.875000119209e-001 -1.211685035378e-002
 131    4.912500083447e-001 -1.227255817503e-002
 132    4.950000047684e-001 -1.241923030466e-002
 133    4.987500011921e-001 -1.255671773106e-002
 134    5.024999976158e-001 -1.268506329507e-002
 135    5.062500238419e-001 -1.280451100320e-002
 136    5.099999904633e-001 -1.291550789028e-002
 137    5.137500166893e-001 -1.301869284362e-002
 138    5.174999833107e-001 -1.311487145722e-002
 139    5.212500095367e-001 -1.320497971028e-002
 140    5.249999761581e-001 -1.329003274441e-002
 141    5.287500023842e-001 -1.337107550353e-002
 142    5.325000286102e-001 -1.344912871718e-002
 143    5.362499952316e-001 -1.352513860911e-002
 144    5.400000214577e-001 -1.359994336963e-002
 145    5.437499880791e-001 -1.367425359786e-002
 146    5.475000143051e-001 -1.374864857644e-002
 147    5.512499809265e-001 -1.382358744740e-002
 148    5.550000071526e-001 -1.389944180846e-002
 149    5.587499737740e-001 -1.397651992738e-002
 150    5.625000000000e-001 -1.405510026962e-002
 151    5.662500262260e-001 -1.413545571268e-002
 152    5.699999928474e-001 -1.421786472201e-002
 153    5.737500190735e-001 -1.430260855705e-002
 154    5.774999856949e-001 -1.438996382058e-002
 155    5.812500119209e-001 -1.448018662632e-002
 156    5.849999785423e-001 -1.457349490374e-002
 157    5.887500047684e-001 -1.467006281018e-002
 158    5.924999713898e-001 -1.477002352476e-002
 159    5.962499976158e-001 -1.487347669899e-002
 160    6.000000238419e-001 -1.498051267117e-002
 161    6.037499904633e-001 -1.509123481810e-002
 162    6.075000166893e-001 -1.520577538759e-002
 163    6.112499833107e-001 -1.532431133091e-002
 164    6.150000095367e-001 -1.544705871493e-002
 165    6.187499761581e-001 -1.557426527143e-002
 166    6.225000023842e-001 -1.570618897676e-002
 167    6.262500286102e-001 -1.584307104349e-002
 168    6.299999952316e-001 -1.598512195051e-002
 169    6.337500214577e-001 -1.613249629736e-002
 170    6.374999880791e-001 -1.628528907895e-002
 171    6.412500143051e-001 -1.644354499876e-002
 172    6.449999809265e-001 -1.660725846887e-002
 173    6.487500071526e-001 -1.677639968693e-002
 174    6.524999737740e-001 -1.695093140006e-002
 175    6.562500000000e-001 -1.713082939386e-002
 176    6.600000262260e-001 -1.731609180570e-002
 177    6.637499928474e-001 -1.750675030053e-002
 178    6.675000190735e-001 -1.770286075771e-002
 179    6.712499856949e-001 -1.790450140834e-002
 180    6.750000119209e-001 -1.811174303293e-002
 181    6.787499785423e-001 -1.832463778555e-002
 182    6.825000047684e-001 -1.854319870472e-002
 183    6.862499713898e-001 -1.876737922430e-002
 184    6.899999976158e-001 -1.899706572294e-002
 185    6.937500238419e-001 -1.923207752407e-002
 186    6.974999904633e-001 -1.947216689587e-002
 187    7.012500166893e-001 -1.971703581512e-002
 188    7.049999833107e-001 -1.996635273099e-002
 189    7.087500095367e-001 -2.021976374090e-002
 190    7.124999761581e-001 -2.047690562904e-002
 191    7.162500023842e-001 -2.073742449284e-002
 192    7.200000286102e-001 -2.100098133087e-002
 193    7.237499952316e-001 -2.126724831760e-002
 194    7.275000214577e-001 -2.153590694070e-002
 195    7.312499880791e-001 -2.180664613843e-002
 196    7.350000143051e-001 -2.207914926112e-002
 197    7.387499809265e-001 -2.235306985676e-002
 198    7.425000071526e-001 -2.262803167105e-002
 199    7.462499737740e-001 -2.290359698236e-002
 200    7.500000000000e-001 -2.317926287651e-002
 201    7.537500262260e-001 -2.345443516970e-002
 202    7.574999928474e-001 -2.372843772173e-002
 203    7.612500190735e-001 -2.400050126016e-002
 204    7.649999856949e-001 -2.426978759468e-002
 205    7.687500119209e-001 -2.453540638089e-002
 206    7.724999785423e-001 -2.479644864798e-002
 207    7.762500047684e-001 -2.505202591419e-002
 208    7.799999713898e-001 -2.530131675303e-002
 209    7.837499976158e-001 -2.554360218346e-002
 210    7.875000238419e-001 -2.577830851078e-002
 211    7.912499904633e-001 -2.600502036512e-002
 212    7.950000166893e-001 -2.622349746525e-002
 213    7.987499833107e-001 -2.643367275596e-002
 214    8.025000095367e-001 -2.663561329246e-002
 215    8.062499761581e-001 -2.682950533926e-002
 216    8.100000023842e-001 -2.701558731496e-002
 217    8.137500286102e-001 -2.719411812723e-002
 218    8.174999952316e-001 -2.736530452967e-002
 219    8.212500214577e-001 -2.752927504480e-002
 220    8.249999880791e-001 -2.768603339791e-002
 221    8.287500143051e-001 -2.783545106649e-002
 222    8.324999809265e-001 -2.797725237906e-002
 223    8.362500071526e-001 -2.811104804277e-002
 224    8.399999737740e-001 -2.823634818196e-002
 225    8.437500000000e-001 -2.835262008011e-002
 226    8.475000262260e-001 -2.845932915807e-002
 227    8.512499928474e-001 -2.855599112809e-002
 228    8.550000190735e-001 -2.864223159850e-002
 229    8.587499856949e-001 -2.871781960130e-002
 230    8.625000119209e-001 -2.878270857036e-002
 231    8.662499785423e-001 -2.883706428111e-002
 232    8.700000047684e-001 -2.888128161430e-002
 233    8.737499713898e-001 -2.891597896814e-002
 234    8.774999976158e-001 -2.894200012088e-002
 235    8.812500238419e-001 -2.896038442850e-002
 236    8.849999904633e-001 -2.897235378623e-002
 237    8.887500166893e-001 -2.897926233709e-002
 238    8.924999833107e-001 -2.898256480694e-002
 239    8.962500095367e-001 -2.898377180099e-002
 240    8.999999761581e-001 -2.898439764977e-002
 241    9.037500023842e-001 -2.898592874408e-002
 242    9.075000286102e-001 -2.898976951838e-002
 243    9.112499952316e-001 -2.899721823633e-002
 244    9.150000214577e-001 -2.900942228734e-002
 245    9.187499880791e-001 -2.902737446129e-002
 246    9.225000143051e-001 -2.905188314617e-002
 247    9.262499809265e-001 -2.908358164132e-002
 248    9.300000071526e-001 -2.912292815745e-002
 249    9.337499737740e-001 -2.917023003101e-002
 250    9.375000000000e-001 -2.922566421330e-002
 251    9.412500262260e-001 -2.928931079805e-002
 252    9.449999928474e-001 -2.936119027436e-002
 253    9.487500190735e-001 -2.944128960371e-002
 254    9.524999856949e-001 -2.952961251140e-002
 255    9.562500119209e-001 -2.962618693709e-002
 256    9.599999785423e-001 -2.973110601306e-002
 257    9.637500047684e-001 -2.984453365207e-002
 258    9.674999713898e-001 -2.996672317386e-002
 259    9.712499976158e-001 -3.009800799191e-002
 260    9.750000238419e-001 -3.023881651461e-002
 261    9.787499904633e-001 -3.038965165615e-002
 262    9.825000166893e-001 -3.055109083652e-002
 263    9.862499833107e-001 -3.072375804186e-002
 264    9.900000095367e-001 -3.090831823647e-002
 265    9.937499761581e-001 -3.110544569790e-002
 266    9.975000023842e-001 -3.131579607725e-002
 267    1.001250028610e+000 -3.153999149799e-002
 268    1.004999995232e+000 -3.177858889103e-002
 269    1.008749961853e+000 -3.203206136823e-002
 270    1.012500047684e+000 -3.230078518391e-002
 271    1.016250014305e+000 -3.258503973484e-002
 272    1.019999980927e+000 -3.288500010967e-002
 273    1.023749947548e+000 -3.320076316595e-002
 274    1.027500033379e+000 -3.353235498071e-002
 275    1.031250000000e+000 -3.387975320220e-002
 276    1.034999966621e+000 -3.424293175340e-002
 277    1.038750052452e+000 -3.462184220552e-002
 278    1.042500019073e+000 -3.501646965742e-002
 279    1.046249985695e+000 -3.542681038380e-002
 280    1.049999952316e+000 -3.585287556052e-002
 281    1.053750038147e+000 -3.629468008876e-002
 282    1.057500004768e+000 -3.675221651793e-002
 283    1.061249971390e+000 -3.722542151809e-002
 284    1.065000057220e+000 -3.771417960525e-002
 285    1.068750023842e+000 -3.821826353669e-002
 286    1.072499990463e+000 -3.873735666275e-002
 287    1.076249957085e+000 -3.927103057504e-002
 288    1.080000042915e+000 -3.981874883175e-002
 289    1.083750009537e+000 -4.037989303470e-002
 290    1.087499976158e+000 -4.095377773046e-002
 291    1.091249942780e+000 -4.153967276216e-002
 292    1.095000028610e+000 -4.213681444526e-002
 293    1.098749995232e+000 -4.274443164468e-002
 294    1.102499961853e+000 -4.336175695062e-002
 295    1.106250047684e+000 -4.398801922798e-002
 296    1.110000014305e+000 -4.462245106697e-002
 297    1.113749980927e+000 -4.526427760720e-002
 298    1.117499947548e+000 -4.591270908713e-002
 299    1.121250033379e+000 -4.656692221761e-002
 300    1.125000000000e+000 -4.722604900599e-002
 301    1.128749966621e+000 -4.788916930556e-002
 302    1.132500052452e+000 -4.855530709028e-002
 303    1.136250019073e+000 -4.922341555357e-002
 304    1.139999985695e+000 -4.989240318537e-002
 305    1.143749952316e+000 -5.056111887097e-002
 306    1.147500038147e+000 -5.122839659452e-002
 307    1.151250004768e+000 -5.189305916429e-002
 308    1.154999971390e+000 -5.255395174026e-002
 309    1.158750057220e+000 -5.320997908711e-002
 310    1.162500023842e+000 -5.386012420058e-002
 311    1.166249990463e+000 -5.450346693397e-002
 312    1.169999957085e+000 -5.513922125101e-002
 313    1.173750042915e+000 -5.576672405005e-002
 314    1.177500009537e+000 -5.638543516397e-002
 315    1.181249976158e+000 -5.699495226145e-002
 316    1.184999942780e+000 -5.759496986866e-002
 317    1.188750028610e+000 -5.818527936935e-002
 318    1.192499995232e+000 -5.876573547721e-002
 319    1.196249961853e+000 -5.933625623584e-002
 320    1.200000047684e+000 -5.989677459002e-002
 321    1.203750014305e+000 -6.044724583626e-002
 322    1.207499980927e+000 -6.098762154579e-002
 323    1.211249947548e+000 -6.151784211397e-002
 324    1.215000033379e+000 -6.203783303499e-002
 325    1.218750000000e+000 -6.254748255014e-002
 326    1.222499966621e+000 -6.304664909840e-002
 327    1.226250052452e+000 -6.353518366814e-002
 328    1.230000019073e+000 -6.401287019253e-002
 329    1.233749985695e+000 -6.447951495647e-002
 330    1.237499952316e+000 -6.493488699198e-002
 331    1.241250038147e+000 -6.537877023220e-002
 332    1.245000004768e+000 -6.581097841263e-002
 333    1.248749971390e+000 -6.623136997223e-002
 334    1.252500057220e+000 -6.663988530636e-002
 335    1.256250023842e+000 -6.703653931618e-002
 336    1.259999990463e+000 -6.742145866156e-002
 337    1.263749957085e+000 -6.779487431049e-002
 338    1.267500042915e+000 -6.815716624260e-002
 339    1.271250009537e+000 -6.850878894329e-002
 340    1.274999976158e+000 -6.885035336018e-002
 341    1.278749942780e+000 -6.918251514435e-002
 342    1.282500028610e+000 -6.950603425503e-002
 343    1.286249995232e+000 -6.982169300318e-002
 344    1.289999961853e+000 -7.013030350208e-002
 345    1.293750047684e+000 -7.043267041445e-002
 346    1.297500014305e+000 -7.072956115007e-002
 347    1.301249980927e+000 -7.102168351412e-002
 348    1.304999947548e+000 -7.130968570709e-002
 349    1.308750033379e+000 -7.159414887428e-002
 350    1.312500000000e+000 -7.187554240227e-002
 351    1.316249966621e+000 -7.215429097414e-002
 352    1.320000052452e+000 -7.243074476719e-002
 353    1.323750019073e+000 -7.270521670580e-002
 354    1.327499985695e+000 -7.297799736261e-002
 355    1.331249952316e+000 -7.324936985970e-002
 356    1.335000038147e+000 -7.351963222027e-002
 357    1.338750004768e+000 -7.378911226988e-002
 358    1.342499971390e+000 -7.405818253756e-002
 359    1.346250057220e+000 -7.432725280523e-002
 360    1.350000023842e+000 -7.459678500891e-002
 361    1.353749990463e+000 -7.486727088690e-002
 362    1.357499957085e+000 -7.513923197985e-002
 363    1.361250042915e+000 -7.541321963072e-002
 364    1.365000009537e+000 -7.568976283073e-002
 365    1.368749976158e+000 -7.596942037344e-002
 366    1.372499942780e+000 -7.625272125006e-002
 367    1.376250028610e+000 -7.654016464949e-002
 368    1.379999995232e+000 -7.683223485947e-002
 369    1.383749961853e+000 -7.712937891483e-002
 370    1.387500047684e+000 -7.743197679520e-002
 371    1.391250014305e+000 -7.774039357901e-002
 372    1.394999980927e+000 -7.805492728949e-002
 373    1.398749947548e+000 -7.837580889463e-002
 374    1.402500033379e+000 -7.870322465897e-002
 375    1.406250000000e+000 -7.903728634119e-002
 376    1.409999966621e+000 -7.937804609537e-002
 377    1.413750052452e+000 -7.972548156977e-002
 378    1.417500019073e+000 -8.007952570915e-002
 379    1.421249985695e+000 -8.044001460075e-002
 380    1.424999952316e+000 -8.080675452948e-002
 381    1.428750038147e+000 -8.117948472500e-002
 382    1.432500004768e+000 -8.155786991119e-002
 383    1.436249971390e+000 -8.194155991077e-002
 384    1.440000057220e+000 -8.233011513948e-002
 385    1.443750023842e+000 -8.272309601307e-002
 386    1.447499990463e+000 -8.311998844147e-002
 387    1.451249957085e+000 -8.352027833462e-002
 388    1.455000042915e+000 -8.392342925072e-002
 389    1.458750009537e+000 -8.432889729738e-002
 390    1.462499976158e+000 -8.473615348339e-002
 391    1.466249942780e+000 -8.514469116926e-002
 392    1.470000028610e+000 -8.555403351784e-002
 393    1.473749995232e+000 -8.596375584602e-002
 394    1.477499961853e+000 -8.637347817421e-002
 395    1.481250047684e+000 -8.678286522627e-002
 396    1.485000014305e+000 -8.719164878130e-002
 397    1.488749980927e+000 -8.759957551956e-002
 398    1.492499947548e+000 -8.800646662712e-002
 399    1.496250033379e+000 -8.841212093830e-002
 400    1.500000000000e+000 -8.881638199091e-002
